1.0000	0.8800	0.8077	0.7407	0.6667	0.8800	0.6786	0.8800	0.7407	0.8800
0.8800	1.0000	0.8400	0.8400	0.5882	0.9167	0.6429	1.0000	0.7692	1.0000
0.8077	0.8400	1.0000	0.8400	0.6875	0.9167	0.7037	0.8400	0.7692	0.8400
0.7407	0.8400	0.8400	1.0000	0.5882	0.8400	0.7037	0.8400	0.7692	0.8400
0.6667	0.5882	0.6875	0.5882	1.0000	0.6364	0.6364	0.5882	0.5882	0.5882
0.8800	0.9167	0.9167	0.8400	0.6364	1.0000	0.6429	0.9167	0.8400	0.9167
0.6786	0.6429	0.7037	0.7037	0.6364	0.6429	1.0000	0.6429	0.5862	0.6429
0.8800	1.0000	0.8400	0.8400	0.5882	0.9167	0.6429	1.0000	0.7692	1.0000
0.7407	0.7692	0.7692	0.7692	0.5882	0.8400	0.5862	0.7692	1.0000	0.7692
0.8800	1.0000	0.8400	0.8400	0.5882	0.9167	0.6429	1.0000	0.7692	1.0000
